349461
775145
129541
734295
953649
957743
853160
524674
869468
933531
997515
953944
997833
956072
377849
209641
906153
781309
112153
729744
189698
328111
398184
516124
953831
260892
637140
904277
521188
119656
215964
190762
229124
350078
391347
819708
342136
703000
653423
526955
977336
937313
753730
374483
985436
220004
319996
721177
713609
175216
938065
295397
664441
292165
862015
640808
594855
371677
437297
607074
484699
830497
461989
623200
308016
982953
173949
317831
677250
991458
284857
844219
976706
676594
921910
951714
868919
893040
787802
391129
767967
121841
734776
883177
642857
423980
173716
303074
567909
968597
811167
526994
547220
630131
203550
899247
889028
622651
267524
773240
